** Matrix C (Size: 11 x11 ) **
       0	       0	       0	       0	       0	       0	       0	       0	       0	       0	       0	
       0	       4	       0	       0	       0	       0	       0	       0	       0	       0	       0	
       0	       0	       0	       0	       0	       0	       0	       0	       0	       0	       0	
       0	       0	       0	       4	       0	       0	       0	       0	       0	       0	       0	
       0	       0	       0	       0	       0	       0	       0	       0	       0	       0	       0	
       0	       0	       0	       0	       0	       6	       0	       0	       0	       0	       0	
       0	       0	       0	       0	       0	       0	       0	       0	       0	       0	       0	
       0	       0	       0	       0	       0	       0	       0	       2	       0	       0	       0	
       0	       0	       0	       0	       0	       0	       0	       0	       2	       0	       0	
       0	       0	       0	       0	       0	       0	       0	       0	       0	       2	       0	
       0	       0	       0	       0	       0	       0	       0	       0	       0	       0	       0	
** Matrix G (Size: 11 x11 ) **
   0.333	       0	  -0.333	       0	       0	       0	       0	       0	       0	       0	      -1	
       0	   0.333	       0	       0	  -0.333	       0	       0	      -1	       0	       0	       0	
  -0.333	       0	   0.333	       0	       0	       0	       0	       1	       0	       0	       0	
       0	       0	       0	   0.333	       0	       0	  -0.333	       0	      -1	       0	       0	
       0	  -0.333	       0	       0	   0.333	       0	       0	       0	       1	       0	       0	
       0	       0	       0	       0	       0	       0	       0	       0	       0	      -1	       0	
       0	       0	       0	  -0.333	       0	       0	   0.333	       0	       0	       1	       0	
       0	       1	      -1	       0	       0	       0	       0	       0	       0	       0	       0	
       0	       0	       0	       1	      -1	       0	       0	       0	       0	       0	       0	
       0	       0	       0	       0	       0	       1	      -1	       0	       0	       0	       0	
       1	       0	       0	       0	       0	       0	       0	       0	       0	       0	       0	
** Matrix B (Size: 11 x1 ) **
       0	
       0	
       0	
       0	
       0	
       0	
       0	
       0	
       0	
       0	
       1	
** Matrix LT (Size: 1 x11 ) **
       0	       0	       0	       0	       0	       1	       0	       0	       0	       0	       0	
** Matrix X (Size: 11 x1 ) **
    V<N_IN1>	
    V<N_IN2>	
   V<N_1#X1>	
    V<N_IN3>	
   V<N_1#X2>	
    V<N_OUT>	
   V<N_1#X3>	
  I<LSEG#X1>	
  I<LSEG#X2>	
  I<LSEG#X3>	
      I<VIN>	
** Matrix Y (Size: 1 x1 ) **
    V<N_OUT>	
** Matrix U (Size: 1 x1 ) **
         VIN	
** Matrix I (Size: 1 x1 ) **
       5	
